199.36222472304206,0.0,0.0,-4.3771450466359525,5.85649967059115,3.5066595660149704,1.3803743383781923,0.0
0.0,199.36222472304206,-124757.67669824176,1045374.7177656564,-32512.277240389765,-63726.65401274153,-25673.904924402224,-202148.65660574232
0.0,-124757.67669824176,185825321.07576972,-244955120.48695466,15093410.174836902,28322749.029283684,11342244.356612837,65085684.01576686
-4.3771450466359525,1045374.7177656564,-244955120.48695466,14865190817.07566,-230602743.5149499,-466054475.86228144,-187601767.54510224,-2054919417.517495
5.85649967059115,-32512.277240389765,15093410.174836902,-230602743.5149499,5835191.254188569,11520123.782131474,4642421.948170252,40437666.99581046
3.5066595660149704,-63726.65401274153,28322749.029283684,-466054475.86228144,11520123.782131474,22778622.651114743,9179637.04645774,80681249.66339903
1.3803743383781923,-25673.904924402224,11342244.356612837,-187601767.54510224,4642421.948170252,9179637.04645774,3699401.2515837573,32502647.217115805
0.0,-202148.65660574232,65085684.01576686,-2054919417.517495,40437666.99581046,80681249.66339903,32502647.217115805,318839323.3483341
0.011540525462557991,30.62905256140592,0.008088337068996464,5.961335062396972e-05,-0.42340570408606637,-0.2427774263563621,1.4709989893256732,-0.016668422913055505
30.62905256140592,143964.12377147298,37.984089830062054,0.27655530252632426,-1988.746745589452,-1127.7370653859284,6879.741840715745,-78.42218065862482
0.008088337068996464,37.984089830062054,0.010028289701826025,7.362730935464894e-05,-0.5249688004887513,-0.30018847403237153,1.821934620422122,-0.02067678029711905
5.961335062396972e-05,0.27655530252632426,7.362730935464894e-05,6.102195579459155e-07,-0.003848592230498997,-0.00242795372628547,0.01388848414027183,-0.0001490622831637506
-0.42340570408606637,-1988.746745589452,-0.5249688004887513,-0.003848592230498997,27.483453572573953,15.678770053383097,-95.29493909563367,1.0827560491414236
-0.2427774263563621,-1127.7370653859284,-0.30018847403237153,-0.00242795372628547,15.678770053383097,9.936028668796382,-56.705604509570584,0.6084455163652442
1.4709989893256732,6879.741840715745,1.821934620422122,0.01388848414027183,-95.29493909563367,-56.705604509570584,335.95321056158457,-3.7325891860646156
-0.016668422913055505,-78.42218065862482,-0.02067678029711905,-0.0001490622831637506,1.0827560491414236,0.6084455163652442,-3.7325891860646156,0.04275278893821483
11.344287893339107,0.0,0.0,-0.1826468363698814,-3.200290113902121,1.5878645306665957,0.060678539874144496,0.0
0.0,11.344287893339107,-8926.606786001725,1492.4862336929161,-991.8756806914676,9.733795792798745,4.465674549455199,-972.2190763285475
0.0,-8926.606786001725,12932165.11653954,-1169178.1908746264,4478510.204836544,-971935.2882557882,-69647.50913814513,480203.86828340555
-0.1826468363698814,1492.4862336929161,-1169178.1908746264,259198.90956352834,-102555.53266734214,-8198.440129257102,-70.89310830248711,-161104.70961417194
-3.200290113902121,-991.8756806914676,4478510.204836544,-102555.53266734214,2412263.346959078,-608211.5105007596,-42049.03439643961,-107168.00743432887
1.5878645306665957,9.733795792798745,-971935.2882557882,-8198.440129257102,-608211.5105007596,158718.44025044085,10889.991619049066,50514.883839691436
0.060678539874144496,4.465674549455199,-69647.50913814513,-70.89310830248711,-42049.03439643961,10889.991619049066,748.4587705636675,3143.5943684810704
0.0,-972.2190763285475,480203.86828340555,-161104.70961417194,-107168.00743432887,50514.883839691436,3143.5943684810704,115149.09944747131
0.15265350698983396,-40.41538651367463,-0.07632930632371188,0.027428790352955406,0.15319382017933825,-0.4334364613323868,7.445259938325685,0.14492095501545368
-40.41538651367463,39045.66484816689,84.14417311694476,-21.94721153127197,-257.78611456432253,24.452978728181776,-6746.0947676678825,-118.41946240280946
-0.07632930632371188,84.14417311694476,0.18757729603780268,-0.04403331896549985,-0.6274928128824577,-0.14267274579510597,-15.22375086408396,-0.23921600657165457
0.027428790352955406,-21.94721153127197,-0.04403331896549985,0.014741211493370883,0.10430380440265807,-0.0992051961912966,3.0135726412503923,0.07727607841376168
0.15319382017933825,-257.78611456432253,-0.6274928128824577,0.10430380440265807,2.558916214795533,1.9075312334114556,56.71772994670137,0.5825614713198357
-0.4334364613323868,24.452978728181776,-0.14267274579510597,-0.0992051961912966,1.9075312334114556,7.366072155024172,-11.416933777501455,-0.48177985675004814
7.445259938325685,-6746.0947676678825,-15.22375086408396,3.0135726412503923,56.71772994670137,-11.416933777501455,1907.2802706473954,16.471326788310627
0.14492095501545368,-118.41946240280946,-0.23921600657165457,0.07727607841376168,0.5825614713198357,-0.48177985675004814,16.471326788310627,0.4097571514675587
16729138.919219965,0.0,0.0,-5799809.36475747,9154531.941081906,11361526.967270542,10181338.241018275,0.0
0.0,16729138.919219965,-458468.81703779753,6868039191.354003,-9627411326.40179,10356172677.415806,9291325951.704983,-836228401.3027531
0.0,-458468.81703779753,15537.397131035079,-224364052.5818907,331060122.4817437,-391036947.69734365,-350043978.45836145,16712388.675985193
-5799809.36475747,6868039191.354003,-224364052.5818907,3331229567000.6997,-4775186239781.067,5540364033677.531,4961330958388.74,-293794471527.87946
9154531.941081906,-9627411326.40179,331060122.4817437,-4775186239781.067,7060962268967.538,-8382355092307.663,-7502724831967.713,343758519725.76587
11361526.967270542,10356172677.415806,-391036947.69734365,5540364033677.531,-8382355092307.663,10282670789061.088,9196980266504.686,-286630085479.3407
10181338.241018275,9291325951.704983,-350043978.45836145,4961330958388.74,-7502724831967.713,9196980266504.686,8226052228281.262,-258905150337.64093
0.0,-836228401.3027531,16712388.675985193,-293794471527.87946,343758519725.76587,-286630085479.3407,-258905150337.64093,66619089441.20505
7.574357053740567e-08,-5.450274103509238e-06,-0.0004505803716746534,1.8163348959823068e-09,-6.612212048860151e-09,-1.603739560927897e-07,1.5970733682424272e-07,1.7416704349608145e-08
-5.450274103509238e-06,0.01914962939024519,2.9229712569604285,-1.4257820951837002e-06,-5.2136547973656024e-05,0.00016413434260047194,-0.00012813855181180388,-2.195710704134832e-05
-0.0004505803716746534,2.9229712569604285,459.29035174633077,-0.0001713516327543381,-0.00859605916417501,0.018372424280993324,-0.012130220800592548,-0.003023577483019124
1.8163348959823068e-09,-1.4257820951837002e-06,-0.0001713516327543381,3.3881719252506815e-10,1.6149928273960838e-09,-3.55628417107241e-08,3.5441611848217476e-08,2.978518096014127e-09
-6.612212048860151e-09,-5.2136547973656024e-05,-0.00859605916417501,1.6149928273960838e-09,1.7552461586420507e-07,-1.933204291757061e-07,6.969150957224387e-08,4.2496124738506816e-08
-1.603739560927897e-07,0.00016413434260047194,0.018372424280993324,-3.55628417107241e-08,-1.933204291757061e-07,6.80014186716918e-06,-7.171314314958184e-06,-3.2049198909961504e-07
1.5970733682424272e-07,-0.00012813855181180388,-0.012130220800592548,3.5441611848217476e-08,6.969150957224387e-08,-7.171314314958184e-06,7.697698901915568e-06,2.925111164883098e-07
1.7416704349608145e-08,-2.195710704134832e-05,-0.003023577483019124,2.978518096014127e-09,4.2496124738506816e-08,-3.2049198909961504e-07,2.925111164883098e-07,3.464023846083356e-08
