199.36222472304206,0.0,0.0,-4.3771450466359525,5.85649967059115,3.5066595660149704,1.3803743383781923,0.0
0.0,199.36222472304206,-124757.67669824176,1045374.7177656564,-32512.277240389765,-63726.65401274153,-25673.904924402224,-202148.65660574232
0.0,-124757.67669824176,185825321.07576972,-244955120.48695466,15093410.174836902,28322749.029283684,11342244.356612837,65085684.01576686
-4.3771450466359525,1045374.7177656564,-244955120.48695466,14865190817.07566,-230602743.5149499,-466054475.86228144,-187601767.54510224,-2054919417.517495
5.85649967059115,-32512.277240389765,15093410.174836902,-230602743.5149499,5835191.254188569,11520123.782131474,4642421.948170252,40437666.99581046
3.5066595660149704,-63726.65401274153,28322749.029283684,-466054475.86228144,11520123.782131474,22778622.651114743,9179637.04645774,80681249.66339903
1.3803743383781923,-25673.904924402224,11342244.356612837,-187601767.54510224,4642421.948170252,9179637.04645774,3699401.2515837573,32502647.217115805
0.0,-202148.65660574232,65085684.01576686,-2054919417.517495,40437666.99581046,80681249.66339903,32502647.217115805,318839323.3483341
0.011540525116415033,30.6290509754013,0.008088336642423283,5.961334677891571e-05,-0.42340568187102046,-0.2427774105413673,1.4709989048781371,-0.016668422067099183
30.6290509754013,143964.11650749645,37.98408787572714,0.2765552848559876,-1988.7466438205759,-1127.7369926976417,6879.741453291561,-78.42217678545494
0.008088336642423283,37.98408787572714,0.010028289176146553,7.362730461271681e-05,-0.5249687731130329,-0.3001884545278699,1.821934516320136,-0.02067677925478796
5.961334677891571e-05,0.2765552848559876,7.362730461271681e-05,6.102195161562454e-07,-0.0038485919833940447,-0.0024279535545571143,0.013888483210822975,-0.00014906227371490078
-0.42340568187102046,-1988.7466438205759,-0.5249687731130329,-0.0038485919833940447,27.483452146959472,15.678769036965573,-95.29493367277017,1.0827559948676755
-0.2427774105413673,-1127.7369926976417,-0.3001884545278699,-0.0024279535545571143,15.678769036965573,9.936027963131494,-56.705600688132876,0.6084454774926861
1.4709989048781371,6879.741453291561,1.821934516320136,0.013888483210822975,-95.29493367277017,-56.705600688132876,335.9531900396883,-3.73258897919563
-0.016668422067099183,-78.42217678545494,-0.02067677925478796,-0.00014906227371490078,1.0827559948676755,0.6084454774926861,-3.73258897919563,0.04275278687364049
11.344287893339107,0.0,0.0,-0.1826468363698814,-3.200290113902121,1.5878645306665957,0.060678539874144496,0.0
0.0,11.344287893339107,-8926.606786001725,1492.4862336929161,-991.8756806914676,9.733795792798745,4.465674549455199,-972.2190763285475
0.0,-8926.606786001725,12932165.11653954,-1169178.1908746264,4478510.204836544,-971935.2882557882,-69647.50913814513,480203.86828340555
-0.1826468363698814,1492.4862336929161,-1169178.1908746264,259198.90956352834,-102555.53266734214,-8198.440129257102,-70.89310830248711,-161104.70961417194
-3.200290113902121,-991.8756806914676,4478510.204836544,-102555.53266734214,2412263.346959078,-608211.5105007596,-42049.03439643961,-107168.00743432887
1.5878645306665957,9.733795792798745,-971935.2882557882,-8198.440129257102,-608211.5105007596,158718.44025044085,10889.991619049066,50514.883839691436
0.060678539874144496,4.465674549455199,-69647.50913814513,-70.89310830248711,-42049.03439643961,10889.991619049066,748.4587705636675,3143.5943684810704
0.0,-972.2190763285475,480203.86828340555,-161104.70961417194,-107168.00743432887,50514.883839691436,3143.5943684810704,115149.09944747131
0.1526535069860393,-40.41538651446321,-0.07632930632779324,0.027428790352264733,0.15319382021071662,-0.4334364612496143,7.445259938521966,0.14492095501238325
-40.41538651446321,39045.66487731796,84.1441731956918,-21.947211539730674,-257.78611493548095,24.452978214814564,-6746.094773687411,-118.41946245280394
-0.07632930632779324,84.1441731956918,0.18757729624954772,-0.044033318988800495,-0.6274928138744928,-0.1426727471466902,-15.2237508803438,-0.23921600670887017
0.027428790352264733,-21.947211539730674,-0.044033318988800495,0.014741211495622552,0.10430380451518795,-0.0992051960257596,3.013572642989465,0.07727607842729797
0.15319382021071662,-257.78611493548095,-0.6274928138744928,0.10430380451518795,2.558916219407007,1.9075312395629784,56.71773002341481,0.5825614719795377
-0.4334364612496143,24.452978214814564,-0.1426727471466902,-0.0992051960257596,1.9075312395629784,7.3660721628214,-11.41693367207775,-0.48177985578989796
7.445259938521966,-6746.094773687411,-15.2237508803438,3.013572642989465,56.71773002341481,-11.41693367207775,1907.2802719031556,16.47132679859357
0.14492095501238325,-118.41946245280394,-0.23921600670887017,0.07727607842729797,0.5825614719795377,-0.48177985578989796,16.47132679859357,0.40975715154865644
16729138.919219965,0.0,0.0,-5799809.36475747,9154531.941081906,11361526.967270542,10181338.241018275,0.0
0.0,16729138.919219965,-458468.81703779753,6868039191.354003,-9627411326.40179,10356172677.415806,9291325951.704983,-836228401.3027531
0.0,-458468.81703779753,15537.397131035079,-224364052.5818907,331060122.4817437,-391036947.69734365,-350043978.45836145,16712388.675985193
-5799809.36475747,6868039191.354003,-224364052.5818907,3331229567000.6997,-4775186239781.067,5540364033677.531,4961330958388.74,-293794471527.87946
9154531.941081906,-9627411326.40179,331060122.4817437,-4775186239781.067,7060962268967.538,-8382355092307.663,-7502724831967.713,343758519725.76587
11361526.967270542,10356172677.415806,-391036947.69734365,5540364033677.531,-8382355092307.663,10282670789061.088,9196980266504.686,-286630085479.3407
10181338.241018275,9291325951.704983,-350043978.45836145,4961330958388.74,-7502724831967.713,9196980266504.686,8226052228281.262,-258905150337.64093
0.0,-836228401.3027531,16712388.675985193,-293794471527.87946,343758519725.76587,-286630085479.3407,-258905150337.64093,66619089441.20505
7.574357062921643e-08,-5.4502741883103445e-06,-0.00045058038061433466,1.8163349162760305e-09,-6.612211969559434e-09,-1.6037396006290505e-07,1.5970734104396258e-07,1.7416704525908686e-08
-5.4502741883103445e-06,0.019149629467686155,2.9229712650756445,-1.4257821138865474e-06,-5.2136548044113885e-05,0.0001641343462619439,-0.00012813855570566584,-2.1957107203367718e-05
-0.00045058038061433466,2.9229712650756445,459.2903525939694,-0.00017135163472396694,-0.008596059171447897,0.01837242466677834,-0.012130221210990172,-0.003023577500055055
1.8163349162760305e-09,-1.4257821138865474e-06,-0.00017135163472396694,3.3881719700798237e-10,1.6149928448000222e-09,-3.556284258769632e-08,3.544161278040554e-08,2.9785181349418494e-09
-6.612211969559434e-09,-5.2136548044113885e-05,-0.008596059171447897,1.6149928448000222e-09,1.7552461592387944e-07,-1.9332043258970626e-07,6.969151320794158e-08,4.2496124888222616e-08
-1.6037396006290505e-07,0.0001641343462619439,0.01837242466677834,-3.556284258769632e-08,-1.9332043258970626e-07,6.800142038692058e-06,-7.17131449726996e-06,-3.204919967169848e-07
1.5970734104396258e-07,-0.00012813855570566584,-0.012130221210990172,3.544161278040554e-08,6.969151320794158e-08,-7.17131449726996e-06,7.697699095688844e-06,2.9251112458653677e-07
1.7416704525908686e-08,-2.1957107203367718e-05,-0.003023577500055055,2.9785181349418494e-09,4.2496124888222616e-08,-3.204919967169848e-07,2.9251112458653677e-07,3.4640238798604594e-08
