199.36222472304206,0.0,0.0,-4.3771450466359525,5.85649967059115,3.5066595660149704,1.3803743383781923,0.0
0.0,199.36222472304206,-124757.67669824176,1045374.7177656564,-32512.277240389765,-63726.65401274153,-25673.904924402224,-202148.40772277385
0.0,-124757.67669824176,185825321.07576972,-244955120.48695466,15093410.174836902,28322749.029283684,11342244.356612837,65083283.27060365
-4.3771450466359525,1045374.7177656564,-244955120.48695466,14865190817.07566,-230602743.5149499,-466054475.86228144,-187601767.54510224,-2054919416.174748
5.85649967059115,-32512.277240389765,15093410.174836902,-230602743.5149499,5835191.254188569,11520123.782131474,4642421.948170252,40437645.88063187
3.5066595660149704,-63726.65401274153,28322749.029283684,-466054475.86228144,11520123.782131474,22778622.651114743,9179637.04645774,80681251.71799664
1.3803743383781923,-25673.904924402224,11342244.356612837,-187601767.54510224,4642421.948170252,9179637.04645774,3699401.2515837573,32502649.413635746
0.0,-202148.40772277385,65083283.27060365,-2054919416.174748,40437645.88063187,80681251.71799664,32502649.413635746,318839307.1541914
0.01207644751485028,33.21017352969654,0.008754154796732156,6.342921727134857e-05,-0.4586435077755863,-0.2563365790686967,1.5775582060213988,-0.018105750653120898
33.21017352969654,156389.23911988302,41.19071266265527,0.2950338867932445,-2158.4161779118203,-1193.658776107783,7394.339089587136,-85.33821741163803
0.008754154796732156,41.19071266265527,0.010855485158664675,7.836977397670108e-05,-0.5687467230709878,-0.31704461390944755,1.9543450711531272,-0.0224623743183245
6.342921727134857e-05,0.2950338867932445,7.836977397670108e-05,6.357446058381847e-07,-0.004100207841108762,-0.002514388975737156,0.014624558239523156,-0.00015940197268584332
-0.4586435077755863,-2158.4161779118203,-0.5687467230709878,-0.004100207841108762,29.80008872416291,16.574707152667933,-102.31124876814012,1.1772168619124563
-0.2563365790686967,-1193.658776107783,-0.31704461390944755,-0.002514388975737156,16.574707152667933,10.216953640700009,-59.26241751188307,0.645460095478326
1.5775582060213988,7394.339089587136,1.9543450711531272,0.014624558239523156,-102.31124876814012,-59.26241751188307,356.8288720800531,-4.019832753398157
-0.018105750653120898,-85.33821741163803,-0.0224623743183245,-0.00015940197268584332,1.1772168619124563,0.645460095478326,-4.019832753398157,0.04660087518133378
11.344287893339107,0.0,0.0,-0.1826468363698814,-3.200290113902121,1.5878645306665957,0.060678539874144496,0.0
0.0,11.344287893339107,-8926.606786001725,1492.4862336929161,-991.8756806914676,9.733795792798745,4.465674549455199,-929.6735552692993
0.0,-8926.606786001725,12932165.11653954,-1169178.1908746264,4478510.204836544,-971935.2882557882,-69647.50913814513,335505.32130134676
-0.1826468363698814,1492.4862336929161,-1169178.1908746264,259198.90956352834,-102555.53266734214,-8198.440129257102,-70.89310830248711,-152056.80913385484
-3.200290113902121,-991.8756806914676,4478510.204836544,-102555.53266734214,2412263.346959078,-608211.5105007596,-42049.03439643961,-178556.8120913051
1.5878645306665957,9.733795792798745,-971935.2882557882,-8198.440129257102,-608211.5105007596,158718.44025044085,10889.991619049066,68018.12403818638
0.060678539874144496,4.465674549455199,-69647.50913814513,-70.89310830248711,-42049.03439643961,10889.991619049066,748.4587705636675,4357.969881174024
0.0,-929.6735552692993,335505.32130134676,-152056.80913385484,-178556.8120913051,68018.12403818638,4357.969881174024,116722.05382457026
0.14037261978384322,14.122022969068354,0.058838184162908536,-0.014274859358574112,-0.3365496306434423,-1.2317855460008582,4.6773942420828085,-0.04691206415444421
14.122022969068354,8931.906461686413,31.429315980419553,-4.281593988143686,-181.54929419995852,-429.3441596479407,-993.0423965244904,-15.232948969724761
0.058838184162908536,31.429315980419553,0.11352028134100266,-0.01756630984490264,-0.6554574670891498,-1.6807267110311788,-1.6409994902667653,-0.0608610185899129
-0.014274859358574112,-4.281593988143686,-0.01756630984490264,0.005468259286954191,0.09906478507793119,0.3489105248063259,-1.220360939621761,0.0173004226236019
-0.3365496306434423,-181.54929419995852,-0.6554574670891498,0.09906478507793119,3.7958694028866127,9.644306874889528,11.042458925619247,0.3414893682374166
-1.2317855460008582,-429.3441596479407,-1.6807267110311788,0.3489105248063259,9.644306874889528,30.87876114780827,-68.05128104150536,1.1660502720219197
4.6773942420828085,-993.0423965244904,-1.6409994902667653,-1.220360939621761,11.042458925619247,-68.05128104150536,1485.050329396134,-3.6803949190139154
-0.04691206415444421,-15.232948969724761,-0.0608610185899129,0.0173004226236019,0.3414893682374166,1.1660502720219197,-3.6803949190139154,0.056466826464703156
16729138.919219965,0.0,0.0,-5799809.36475747,9154531.941081906,11361526.967270542,10181338.241018275,0.0
0.0,16729138.919219965,-458468.81703779753,6868039191.354003,-9627411326.40179,10356172677.415806,9291325951.704983,169859351.59576368
0.0,-458468.81703779753,15537.397131035079,-224364052.5818907,331060122.4817437,-391036947.69734365,-350043978.45836145,-24268452.653226003
-5799809.36475747,6868039191.354003,-224364052.5818907,3331229567000.6997,-4775186239781.067,5540364033677.531,4961330958388.74,289323458849.87006
9154531.941081906,-9627411326.40179,331060122.4817437,-4775186239781.067,7060962268967.538,-8382355092307.663,-7502724831967.713,-539594994529.507
11361526.967270542,10356172677.415806,-391036947.69734365,5540364033677.531,-8382355092307.663,10282670789061.088,9196980266504.686,816855375832.4463
10181338.241018275,9291325951.704983,-350043978.45836145,4961330958388.74,-7502724831967.713,9196980266504.686,8226052228281.262,727629438640.9457
0.0,169859351.59576368,-24268452.653226003,289323458849.87006,-539594994529.507,816855375832.4463,727629438640.9457,136515132704.82274
6.89690069095185e-08,1.1040029051450335e-05,0.0023156295038610653,-4.531091693464982e-10,-5.6793263048465656e-08,-2.342234541039999e-07,2.97076053724071e-07,-7.525664773649122e-09
1.1040029051450335e-05,0.020218248515869383,4.432328822172726,-1.6601209923668865e-06,-0.00010442617320042019,-0.0006851222525315669,0.0008393483173638229,-2.069202642171944e-05
0.0023156295038610653,4.432328822172726,978.5346242943375,-0.00039653052142310085,-0.022997905697721605,-0.15730230077754145,0.1921840782791562,-0.004730197143474995
-4.531091693464982e-10,-1.6601209923668865e-06,-0.00039653052142310085,3.8326311310359094e-10,9.180673853160507e-09,8.349362996438502e-08,-1.0046389747784936e-07,2.930315284827354e-09
-5.6793263048465656e-08,-0.00010442617320042019,-0.022997905697721605,9.180673853160507e-09,5.422248200256449e-07,3.6155437360659167e-06,-4.423638865662981e-06,1.093894714574398e-07
-2.342234541039999e-07,-0.0006851222525315669,-0.15730230077754145,8.349362996438502e-08,3.6155437360659167e-06,3.169070520178305e-05,-3.818268280028992e-05,8.92097168684146e-07
2.97076053724071e-07,0.0008393483173638229,0.1921840782791562,-1.0046389747784936e-07,-4.423638865662981e-06,-3.818268280028992e-05,4.6040845956330404e-05,-1.07982880326327e-06
-7.525664773649122e-09,-2.069202642171944e-05,-0.004730197143474995,2.930315284827354e-09,1.093894714574398e-07,8.92097168684146e-07,-1.07982880326327e-06,2.8569939011414865e-08
